mollis : 3.2958368660043
Nulla : 2.1972245773362
lectus : 2.1972245773362
sodales : 2.1972245773362
rhoncus : 2.1972245773362
dignissim : 2.1972245773362
Integer : 2.1972245773362
nunc : 1.7917594692281
laoreet : 1.7917594692281
lorem : 1.7917594692281
Proin : 1.7917594692281
faucibus : 1.7917594692281
leo : 1.7917594692281
ornare : 1.7917594692281
sem : 1.2163953243245
scelerisque : 1.0986122886681
eget : 1.0986122886681
congue : 1.0986122886681
erat : 1.0986122886681
Aliquam : 1.0986122886681
sagittis : 1.0986122886681
nulla : 1.0986122886681
vestibulum : 1.0986122886681
Pellentesque : 1.0986122886681
neque : 0.81093021621633
malesuada : 0.81093021621633
dolor : 0.81093021621633
Etiam : 0.69314718055995
efficitur : 0.69314718055995
euismod : 0.69314718055995
tristique : 0.69314718055995
Praesent : 0.69314718055995
justo : 0.69314718055995
maximus : 0.69314718055995
eu : 0.69314718055995
augue : 0.69314718055995
Suspendisse : 0.69314718055995
nisi : 0.69314718055995
et : 0.40546510810816
pretium : 0.40546510810816
consectetur : 0.40546510810816
vel : 0.40546510810816
porttitor : 0.40546510810816
ex : 0.40546510810816
sed : 0.40546510810816
suscipit : 0.40546510810816
amet : 0.36464311358791
sit : 0.36464311358791
tortor : 0.18232155679395
vitae : 0.18232155679395
quis : 0
