feugiat : 3.5835189384561
gravida : 3.2958368660043
venenatis : 2.1972245773362
risus : 1.7917594692281
Lorem : 1.7917594692281
Curabitur : 1.7917594692281
accumsan : 1.7917594692281
metus : 1.3862943611199
elit : 1.3862943611199
mauris : 1.3862943611199
ut : 1.3862943611199
tincidunt : 1.3862943611199
vestibulum : 1.0986122886681
imperdiet : 1.0986122886681
velit : 1.0986122886681
Aliquam : 1.0986122886681
tempus : 1.0986122886681
placerat : 1.0986122886681
cursus : 1.0986122886681
aliquam : 1.0986122886681
erat : 1.0986122886681
adipiscing : 1.0986122886681
auctor : 1.0986122886681
et : 0.81093021621633
magna : 0.69314718055995
tellus : 0.69314718055995
pulvinar : 0.69314718055995
augue : 0.69314718055995
id : 0.69314718055995
Praesent : 0.69314718055995
Suspendisse : 0.69314718055995
ac : 0.69314718055995
est : 0.69314718055995
euismod : 0.69314718055995
ullamcorper : 0.69314718055995
justo : 0.69314718055995
aliquet : 0.69314718055995
posuere : 0.69314718055995
turpis : 0.69314718055995
Ut : 0.69314718055995
tristique : 0.69314718055995
sit : 0.54696467038186
amet : 0.54696467038186
Sed : 0.40546510810816
dolor : 0.40546510810816
consectetur : 0.40546510810816
nec : 0.40546510810816
Donec : 0.40546510810816
neque : 0.40546510810816
sem : 0.40546510810816
vel : 0.40546510810816
odio : 0.18232155679395
ipsum : 0.18232155679395
tortor : 0.18232155679395
quis : 0
