Vivamus : 3.5835189384561
sapien : 3.5835189384561
massa : 2.1972245773362
Nulla : 2.1972245773362
himenaeos : 1.7917594692281
finibus : 1.7917594692281
inceptos : 1.7917594692281
nostra : 1.7917594692281
conubia : 1.7917594692281
torquent : 1.7917594692281
litora : 1.7917594692281
aptent : 1.7917594692281
sociosqu : 1.7917594692281
taciti : 1.7917594692281
bibendum : 1.7917594692281
Class : 1.7917594692281
Nunc : 1.7917594692281
tempor : 1.7917594692281
libero : 1.3862943611199
eu : 1.3862943611199
mi : 1.0986122886681
sagittis : 1.0986122886681
scelerisque : 1.0986122886681
dignissim : 1.0986122886681
felis : 1.0986122886681
Duis : 1.0986122886681
auctor : 1.0986122886681
purus : 1.0986122886681
elementum : 1.0986122886681
volutpat : 1.0986122886681
eros : 1.0986122886681
ad : 1.0986122886681
cursus : 1.0986122886681
tempus : 1.0986122886681
arcu : 1.0986122886681
ac : 0.69314718055995
magna : 0.69314718055995
posuere : 0.69314718055995
ullamcorper : 0.69314718055995
augue : 0.69314718055995
metus : 0.69314718055995
tincidunt : 0.69314718055995
ut : 0.69314718055995
malesuada : 0.40546510810816
nec : 0.40546510810816
porttitor : 0.40546510810816
Donec : 0.40546510810816
suscipit : 0.40546510810816
pretium : 0.40546510810816
sem : 0.40546510810816
dolor : 0.40546510810816
vitae : 0.18232155679395
ipsum : 0.18232155679395
tortor : 0.18232155679395
amet : 0.18232155679395
sit : 0.18232155679395
odio : 0.18232155679395
quis : 0
