urna : 3.5835189384561
mollis : 3.2958368660043
id : 2.7725887222398
vehicula : 2.1972245773362
varius : 2.1972245773362
mattis : 2.1972245773362
condimentum : 1.7917594692281
Vestibulum : 1.7917594692281
porta : 1.7917594692281
Nullam : 1.7917594692281
hendrerit : 1.7917594692281
eleifend : 1.7917594692281
vulputate : 1.7917594692281
dui : 1.0986122886681
semper : 1.0986122886681
Fusce : 1.0986122886681
felis : 1.0986122886681
fermentum : 1.0986122886681
eget : 1.0986122886681
blandit : 1.0986122886681
nibh : 1.0986122886681
imperdiet : 1.0986122886681
eros : 1.0986122886681
Nam : 1.0986122886681
pellentesque : 1.0986122886681
Donec : 0.81093021621633
consectetur : 0.81093021621633
mauris : 0.69314718055995
aliquet : 0.69314718055995
maximus : 0.69314718055995
Etiam : 0.69314718055995
efficitur : 0.69314718055995
pulvinar : 0.69314718055995
tellus : 0.69314718055995
magna : 0.69314718055995
nisi : 0.69314718055995
libero : 0.69314718055995
turpis : 0.69314718055995
elit : 0.69314718055995
metus : 0.69314718055995
sed : 0.40546510810816
pretium : 0.40546510810816
nec : 0.40546510810816
malesuada : 0.40546510810816
sem : 0.40546510810816
suscipit : 0.40546510810816
ex : 0.40546510810816
porttitor : 0.40546510810816
Sed : 0.40546510810816
vitae : 0.18232155679395
amet : 0.18232155679395
sit : 0.18232155679395
odio : 0.18232155679395
ipsum : 0.18232155679395
tortor : 0.18232155679395
quis : 0
