egestas : 3.5835189384561
luctus : 3.5835189384561
fermentum : 2.1972245773362
blandit : 2.1972245773362
purus : 2.1972245773362
rhoncus : 2.1972245773362
mauris : 2.0794415416798
ac : 2.0794415416798
est : 2.0794415416798
justo : 2.0794415416798
et : 2.0273255405408
ante : 1.7917594692281
lacus : 1.7917594692281
interdum : 1.7917594692281
Mauris : 1.7917594692281
ultrices : 1.7917594692281
diam : 1.7917594692281
dictum : 1.7917594692281
ultricies : 1.7917594692281
habitant : 1.7917594692281
morbi : 1.7917594692281
senectus : 1.7917594692281
netus : 1.7917594692281
fames : 1.7917594692281
Morbi : 1.7917594692281
lacinia : 1.7917594692281
Quisque : 1.7917594692281
consequat : 1.7917594692281
rutrum : 1.7917594692281
facilisis : 1.7917594692281
non : 1.7917594692281
ullamcorper : 1.3862943611199
eu : 1.3862943611199
tincidunt : 1.3862943611199
malesuada : 1.2163953243245
Sed : 1.2163953243245
vel : 1.2163953243245
sed : 1.2163953243245
Integer : 1.0986122886681
lectus : 1.0986122886681
vehicula : 1.0986122886681
quam : 1.0986122886681
Fusce : 1.0986122886681
pellentesque : 1.0986122886681
elementum : 1.0986122886681
mattis : 1.0986122886681
gravida : 1.0986122886681
venenatis : 1.0986122886681
Duis : 1.0986122886681
enim : 1.0986122886681
varius : 1.0986122886681
dui : 1.0986122886681
Pellentesque : 1.0986122886681
volutpat : 1.0986122886681
semper : 1.0986122886681
placerat : 1.0986122886681
nibh : 1.0986122886681
arcu : 1.0986122886681
congue : 1.0986122886681
mi : 1.0986122886681
sodales : 1.0986122886681
massa : 1.0986122886681
ex : 0.81093021621633
efficitur : 0.69314718055995
tellus : 0.69314718055995
Ut : 0.69314718055995
maximus : 0.69314718055995
elit : 0.69314718055995
Suspendisse : 0.69314718055995
tristique : 0.69314718055995
Etiam : 0.69314718055995
turpis : 0.69314718055995
posuere : 0.69314718055995
pulvinar : 0.69314718055995
Praesent : 0.69314718055995
aliquet : 0.69314718055995
euismod : 0.69314718055995
porttitor : 0.40546510810816
Donec : 0.40546510810816
nec : 0.40546510810816
neque : 0.40546510810816
pretium : 0.40546510810816
odio : 0.36464311358791
vitae : 0.36464311358791
ipsum : 0.18232155679395
tortor : 0.18232155679395
quis : 0
